ady 0.056097 -1.236255 0.554248 -0.233022 0.379709 -0.885367 0.066706 0.778080 -0.361700 -0.166090 -0.408656 -0.742982 1.084421 -0.934200 0.085248 -0.256598 -0.204125 0.923292 1.715895 0.420869
ang 2.181125 -0.617205 0.998184 0.177842 0.726223 0.215965 -2.277636 0.762061 0.096980 -0.116877 1.153395 -1.701059 -0.370824 0.271483 0.701348 0.632956 0.549890 -0.411318 -0.790074 -0.155603
ara 0.770636 -0.628139 0.534066 -0.158375 0.192964 -0.051105 -0.641437 0.424082 0.373339 -1.207609 0.871701 -0.211628 0.266532 -0.495338 -0.249488 1.108292 -0.609117 0.227358 1.468255 0.247112
arc 1.106398 -0.931617 -0.638025 0.470467 0.819662 0.017045 -0.909721 -0.018450 -0.210389 -0.770135 0.642076 -0.584076 0.204971 0.026638 -0.465171 -0.256063 -0.338436 0.358935 1.102611 -0.076499
bak 1.000580 -0.150582 0.196732 0.115357 -0.174179 0.157309 -1.566975 -0.378310 -0.635053 0.014439 1.461006 -0.890094 -0.246280 0.014444 -0.260143 -0.327868 0.212848 -1.111455 0.664163 0.549722
bre 0.934984 1.547170 0.283409 0.019344 -0.235736 0.820808 -0.110099 0.045482 0.642406 0.166032 0.161994 -0.613532 -0.041853 1.570052 0.201848 -1.797710 -1.342165 0.218068 -0.616604 1.445526
bul 0.098121 0.741466 -0.455521 -0.914695 0.887208 -0.480097 -0.556871 -1.145818 -0.046704 0.788314 -0.357233 0.380790 0.573958 0.599422 0.087245 0.269203 0.129216 0.476823 -1.055495 -0.424566
cat -0.191239 -0.476071 -0.589743 0.273786 0.030291 0.270178 0.742002 1.694096 1.012637 0.388027 -0.677404 0.348148 0.348174 1.075472 1.644348 -0.765084 -1.058384 0.680457 -0.565146 -0.897417
ces -0.775974 -0.759950 0.231539 0.605110 1.241888 0.508028 -0.777342 -0.668888 -0.200241 0.232811 -0.255117 -0.594401 0.685281 -1.083339 0.342137 0.333570 -0.512584 0.457794 -0.762798 1.183873
cym 0.328812 0.454957 -0.842774 -2.438804 0.897904 -1.023571 -0.895545 -0.142005 0.511479 0.418344 0.038425 0.091504 -0.100141 -0.340847 1.211497 0.511046 1.126119 0.006921 1.088527 -1.053998
dan 0.630467 0.014359 0.409530 0.604367 -1.484636 0.108928 -0.340338 0.129598 1.029183 -0.037002 -0.685294 -0.066298 -0.633023 0.464558 -0.233720 0.401898 -0.205489 0.435724 1.641725 -1.659288
deu -0.518808 -0.156553 0.976450 0.400808 0.210471 0.123145 -0.100392 -0.561911 0.340243 -0.268868 -0.719350 0.547142 -1.274040 0.442589 0.255703 -0.289611 1.090072 0.824320 0.446938 0.678196
dsb -0.533411 -0.542158 0.694098 -0.286442 1.042063 -0.564275 0.016026 -0.625390 -1.489694 1.415182 1.187095 0.807175 1.206401 -0.447474 0.735448 0.857254 0.244228 -0.792522 1.362895 -0.659903
ell -0.124563 0.094466 -0.526958 0.069799 0.119500 0.088223 -0.233154 -0.704765 -0.347254 0.129040 -0.178879 -0.545314 0.376872 0.308208 0.179725 -0.874480 0.520920 -0.613490 -0.402105 -0.399022
eng 0.392178 -0.734400 -0.837565 0.232528 -0.843629 0.389138 -0.645884 0.801326 0.509249 -0.487060 -0.326223 0.619568 -0.101015 0.185076 0.225258 0.499445 0.995056 -0.776314 0.869570 0.753616
epo -0.533901 -0.997629 -0.512268 1.218485 -0.656698 -0.874578 -0.774979 0.191667 -0.479880 0.484534 0.085382 -0.655607 0.077644 0.035637 0.535984 1.176798 0.245030 0.398541 -0.527980 -0.990823
fao -0.567933 0.951437 0.337440 -0.269939 0.321342 1.201690 -0.431967 0.506908 -0.129835 -0.284234 -2.650729 0.035080 -0.148824 -0.654482 -0.163032 1.523244 -0.140693 -1.078909 0.258383 -0.171381
fas 0.687864 -0.218945 -0.146173 0.758954 -0.401889 0.454987 -1.252865 0.222227 -0.215422 -0.414772 0.023203 -0.071038 0.243109 -0.360835 -0.839691 -1.273490 -0.263170 -0.082147 -0.197091 -0.070545
fin -1.156856 0.181620 0.036413 0.765724 -0.375611 -0.997529 -0.496773 -0.427241 0.920274 -0.215199 -0.050907 -1.571167 -0.224223 -0.356218 -0.928451 -0.478103 0.064065 -0.655768 -0.545731 -0.569654
fra -0.000002 0.943159 0.609680 0.017982 -0.393223 -0.250224 0.480924 0.487415 -0.206806 -0.184091 -0.422896 0.103801 1.304381 1.184815 0.202670 -0.924874 1.454511 0.223474 -0.400041 -0.099641
gem 0.290692 -0.048384 -0.427855 1.072188 0.120273 1.107290 -0.493411 -0.734381 0.117830 0.809552 0.805352 -2.057526 0.026314 0.622738 0.787583 0.018011 0.216856 0.371604 0.755227 0.226274
gla 1.291353 0.817282 0.439016 -0.051343 -0.251986 0.182400 1.273164 0.140414 0.778075 -0.638236 0.374459 1.055798 1.001371 -0.284899 1.377692 0.361024 -0.823042 -0.684943 0.640513 0.083822
gle 1.068156 1.540507 -0.393725 -1.459170 -0.382443 0.035200 1.264296 0.141805 0.764571 0.197735 0.596835 0.895044 -0.139022 -0.347368 -0.034192 0.371845 0.212258 -1.141865 1.001974 1.147262
hbs 0.069174 -1.641620 -0.277393 0.084772 0.086312 -0.291229 -0.190765 -0.179619 -1.684802 1.567079 0.783677 -1.082678 -0.551644 0.071679 0.919322 0.193631 0.120499 0.923731 -0.200996 -0.009344
heb -0.875800 -0.237842 -0.066561 0.753730 0.418874 0.248838 0.099158 -0.303851 -0.656739 -1.089177 -0.614470 0.734707 -0.677606 -0.801169 -0.220351 -0.157225 -0.374805 -0.357716 0.649738 0.011967
hin 0.037008 0.164995 0.684059 -0.872590 -0.801907 0.052798 -0.340910 -0.467759 0.210408 -0.784299 0.043360 0.361898 0.192310 0.062002 -0.809784 -0.579621 -0.137892 0.404062 -0.095033 0.339667
hun 0.235753 -1.537098 1.004495 -0.720549 -0.991706 -0.451460 0.103119 -0.835096 -0.353041 0.170840 -0.650431 -0.694666 0.175964 0.307801 -0.332105 -0.212571 -0.197884 -0.237162 -1.541860 0.310081
hye -0.120643 -0.170055 0.349126 -0.228023 -0.312471 -0.490195 -0.158184 0.082279 -0.683691 -0.120583 0.362153 -0.019282 -0.417925 -0.441296 -0.989170 -0.341815 -0.072510 -0.403179 -0.151848 0.159888
ido -0.617553 -0.315086 -0.656191 0.237453 0.157910 0.278396 -0.773813 -0.608055 -0.858384 0.352276 -0.438444 1.301629 0.740636 0.535824 0.866663 0.420650 0.192216 -0.015887 0.315326 -1.394110
isl 1.474308 0.469822 -0.948048 0.419152 0.353671 0.231786 0.211785 -1.152931 -2.140742 -0.111282 -1.061329 -0.103067 -0.811461 -0.128517 0.002616 0.749153 0.010746 -1.163128 0.646934 -0.408855
ita 0.764777 0.372309 -0.042291 0.392189 0.470784 1.122787 -1.203118 0.378782 -0.009854 -0.270635 -0.563423 0.520429 0.501340 0.315781 0.863245 0.882661 0.072470 1.852293 -0.707303 -0.257746
jbo 0.280159 -0.749119 1.293925 1.010969 1.917647 -1.817219 -1.286401 0.846684 -0.972046 -0.175579 1.747268 -0.357706 -0.212197 0.872660 -0.574752 -0.384274 -1.004942 1.385990 0.502184 0.003100
jpn -0.109866 0.376595 -0.300527 -0.110593 -0.521426 -0.197201 0.719070 -0.161750 0.136222 -0.922160 -0.291052 0.046766 -0.023799 -0.288544 0.151603 -0.106902 -0.726824 0.245138 -0.181652 -0.937639
kat -0.047609 0.052135 -0.084910 -0.572579 -0.795891 0.103637 -0.518445 -0.219960 -0.753074 0.346901 0.129865 0.068807 -0.772644 -0.248102 -0.333916 -0.388339 -0.253167 -0.182915 -0.326204 0.903049
kor 0.154269 0.461885 -0.070770 0.282004 -1.023746 0.183662 0.496734 0.181478 -0.270905 -0.676796 0.256939 -0.381050 -0.433337 -0.613147 -0.058276 -0.223258 -0.705911 0.320915 0.139489 -0.575995
lao -0.174296 -0.025056 -0.838969 0.462151 -0.401288 -0.049466 0.236363 -0.296822 0.218225 -0.392615 0.563348 -0.362533 -0.768975 -0.579070 0.838471 0.011217 -0.111090 0.189392 -0.504224 0.078394
lat -0.848103 -0.095373 -1.205945 -0.601887 0.118306 -0.534981 -1.410937 -0.469841 -0.539648 -0.879397 0.961570 -0.765427 -0.058697 1.208616 -0.351139 1.508669 -0.341157 0.959301 0.826946 0.063925
lit -0.468644 -1.009245 -0.729552 -0.893750 0.207495 1.130881 0.196672 -0.093627 0.212237 1.432006 0.477129 0.463736 -0.405284 -0.722766 -0.730753 0.089264 0.630610 0.404288 0.568112 0.271968
ltz 0.718810 -0.226513 1.218458 0.362311 0.926176 -0.585022 0.790416 0.935071 0.509090 -0.524031 0.080979 -0.896909 -1.386741 -0.579094 0.085173 -1.432561 1.880454 0.169820 0.398444 -0.275978
mkd -0.215685 -0.467952 0.114478 0.771476 0.113848 -0.135011 -0.343651 0.324229 0.075574 1.884987 0.259062 -0.580804 -1.442147 -0.019935 -0.198643 -0.220889 -0.350955 0.219520 -1.334406 -0.080152
mlt -0.821705 -0.238159 1.382744 -0.284064 0.255304 -1.249633 0.280023 0.652009 -1.218488 0.821265 0.556310 -0.371536 -1.533528 -0.736203 1.746430 0.643052 0.657823 -0.779067 -0.136664 -0.353473
msa 0.688205 -1.200083 -0.647103 1.135516 1.215044 -1.414199 0.369554 0.431051 -0.119576 -0.667359 0.338571 1.134416 -0.877762 0.125581 0.937933 0.097986 -0.085036 0.124057 -0.601751 -0.101649
mya 0.467271 -0.225647 -0.263549 -0.012434 -0.213998 -0.433682 1.084288 -0.078304 0.079950 -0.298603 -0.374577 -0.641890 0.396192 -0.461505 -0.240807 -0.627049 0.398579 0.596397 -0.341866 -0.401123
nan 0.664482 -0.502806 -1.553992 0.586636 -0.720829 0.851396 0.267068 0.489185 0.533777 -0.437819 1.726535 0.028216 -1.712880 -0.321195 0.229049 0.414839 -1.742869 -0.800945 -2.197963 -0.765623
nci -0.560484 0.308479 1.262270 0.080809 0.530983 0.703346 0.074037 1.819031 -0.173029 0.683735 0.941887 -0.459444 -0.607041 1.463482 -0.415314 1.660729 -0.169810 0.591770 0.625552 0.136599
nld -0.415973 0.074325 0.257973 0.212861 1.312559 0.227075 -0.694629 -1.399521 0.702081 -0.853596 0.168107 -0.571627 0.403020 0.908286 0.524270 -0.495030 0.724297 -0.924654 0.323984 0.719613
nno 0.371476 -0.190245 1.056282 -0.772652 -0.430101 -0.221125 -0.388411 0.344464 -0.116335 2.137947 -1.355528 -1.051813 0.613682 1.655151 0.149237 1.059266 -0.316402 -0.997779 2.374884 -0.215108
pol 0.666355 0.568511 0.179307 0.707694 -0.047119 -0.745951 0.407422 -0.261531 -0.064336 1.229028 0.553173 0.180421 0.625097 -0.996087 -0.874383 0.344312 -0.333412 0.799294 -0.631233 -0.105280
por 0.081412 0.373973 0.295712 -0.136374 1.679607 0.782275 1.087664 0.814282 -0.004282 -0.319362 0.491499 -0.749926 0.883776 0.779285 -0.149382 -0.307894 -0.215111 0.025116 -0.792925 -1.467402
pus 0.481332 -0.271348 0.073658 0.064760 0.195315 -0.099410 0.498105 -0.520070 -0.561866 -0.214573 -0.421165 -0.025271 0.098118 -0.182703 0.435113 -0.957010 -0.434937 0.648322 0.907043 -0.753225
ron 0.000871 -0.279366 -0.619296 -0.491452 -0.192828 -0.777513 -0.433025 1.048155 -1.026717 -0.688821 -0.008951 0.389403 -0.097605 0.072890 -1.631598 -0.021889 0.492008 1.012051 -1.505474 -0.485975
rus -0.666526 -0.274259 -0.158412 0.143627 -0.044517 0.048868 0.709176 -0.422511 0.296064 0.018472 0.251266 0.771906 1.141467 0.654920 -1.023118 0.584023 -0.266455 -1.025402 -0.123271 0.022965
san 0.213165 -0.630193 -1.201695 -0.553929 0.123390 -0.130788 0.980369 -0.652958 0.207494 -0.509011 -0.039105 -1.088671 -0.800276 0.345885 -0.352588 0.514010 -1.171618 1.202138 0.533704 -0.306994
scn -0.580240 0.767453 0.021998 -1.335362 0.930866 1.174594 0.603303 -0.535414 0.265077 -1.697118 -0.520135 0.539849 0.704445 -0.331786 0.218159 0.987897 -0.503471 1.619897 -0.063087 0.093533
sco 1.072792 -0.367049 -0.163656 0.576792 -0.144032 0.145805 -0.354877 0.266986 1.333415 -0.498215 -0.244456 0.810841 1.424182 0.110044 1.103572 -0.017388 0.506320 -0.083488 1.210216 0.508520
slk -0.153012 0.045533 0.463271 1.898462 -0.400828 0.373089 -0.719051 -0.247366 -1.478682 0.707417 0.234347 -0.603826 0.727838 -0.577082 0.364977 0.541338 -0.714119 0.757626 -0.856113 1.316381
slv -0.866785 -0.637962 0.174812 0.034761 -0.180391 0.083522 0.388441 -2.235931 -0.936626 1.558276 0.085239 0.862936 0.354489 0.551513 0.835692 -1.327443 -1.296430 0.441085 -0.285008 -1.618239
spa -0.468824 1.027451 -0.964313 -0.739756 -0.042100 0.033333 0.961485 1.549767 -0.738612 0.139913 1.110895 -0.363314 -0.245382 -0.250641 -0.352100 -0.953976 -0.584185 -0.797569 -0.757958 0.673764
sqi 0.065816 -1.724110 1.234416 -1.926760 -0.067484 -0.069920 -0.024427 0.900140 0.907043 0.055390 0.605081 -0.149805 -0.416580 -0.995015 -0.906522 0.233259 -0.144035 -0.721286 -0.372791 -1.332960
swe -0.236045 0.133941 -0.495293 -0.439384 0.798284 -1.037611 -0.333909 0.139594 0.918791 0.184267 -1.313646 0.481075 -0.543294 0.730328 -0.843084 -0.503673 -0.622465 -0.666238 0.038431 0.218780
syc 0.357915 -0.725853 -0.447651 0.586344 0.716132 -0.104346 -0.342990 -0.207773 -0.504022 -1.058910 0.214981 0.400239 0.203328 -0.560259 -0.049500 -0.488858 -0.332294 0.309923 0.649784 -0.959681
tel 0.088543 -0.670022 -0.144422 -0.754154 -0.508326 0.139606 0.297992 -0.262771 0.097583 -0.799298 0.080504 -0.781719 -0.342664 0.286490 -0.411938 -0.078909 -0.185028 1.136178 0.128858 -0.438899
tha -0.325993 0.293910 -0.603273 0.398468 -0.219892 -0.438841 0.168282 0.329983 0.665314 -0.181383 0.070475 -0.176407 -0.495289 -0.999995 0.452979 0.544441 0.255489 0.375648 0.309958 0.374645
tur -0.574721 -0.311995 -0.818616 -0.335758 -0.912830 -0.673668 -2.168880 0.203034 -0.958973 0.370770 0.095507 0.969835 -0.026790 -0.377331 0.519567 -0.748553 -1.558551 0.015867 0.010529 1.118023
unk -0.793397 0.751960 0.783027 1.240982 0.041042 0.858243 2.026969 -0.128408 0.380421 -1.400750 -0.097418 -0.445604 0.346660 -0.778630 1.790830 0.949420 -0.646290 -0.512038 0.216264 -0.509477
unknown 0.353006 -0.766533 0.544161 0.522824 -0.270694 0.356711 0.292221 0.605413 0.368859 -0.409249 0.092975 -0.259982 0.735859 -0.126159 0.860587 0.900092 -0.553400 -0.724728 0.464955 -0.143126
vie -0.680262 1.341349 -0.650439 0.131646 -0.074261 1.548386 -1.238627 -0.372040 0.091569 -0.410242 0.970705 0.992702 -0.950021 -1.043088 1.327806 0.348478 -0.128079 -0.314063 0.244186 -1.332007
vol 0.226578 -1.805271 -0.341776 0.088909 0.860693 -0.039892 -0.436004 -0.483992 -2.022375 -1.219527 0.290684 -0.280242 -1.184626 0.683391 0.079911 0.194282 0.444587 1.070375 -1.650666 -0.858701
yue 0.645976 1.373977 0.705183 0.590285 -1.852180 0.538437 1.033047 -1.325488 -1.438959 -1.059642 0.542355 -0.677300 -1.389880 -0.258368 0.418327 -0.433624 -0.117544 -1.179923 -1.534908 0.827305
zho 0.145529 0.309929 -0.081333 0.425276 -0.585503 0.038512 0.305865 0.465412 -0.399118 -0.692711 0.257000 0.406990 -0.172245 -0.578094 0.591179 0.691835 -0.700052 0.491687 0.525269 -0.712013
